           0  0.63998399999999989     
           1  0.92159487852802580     
           2  0.28902380781991677     
           3  0.82193563642813705     
           4  0.58541514824584162     
           5  0.97079273937531851     
           6  0.11341395078627850     
           7  0.40219485109064906     
           8  0.96171256797199411     
           9  0.14728233615636918     
          10  0.50234843942580443     
          11  0.99995293988056999     
          12   1.8822691331019578E-004
          13   7.5274711660881202E-004
          14   3.0086467355001580E-003
          15   1.1998079161806455E-002
          16   4.7415315620408093E-002
          17  0.18066389714975420     
          18  0.59208301122032725     
          19  0.96605872410648397     
          20  0.13115378381037660     
          21  0.45579847996351008     
          22  0.99216009788329251     
          23   3.1112974362226577E-002
          24  0.12057681425852917     
          25  0.42414158068256114     
          26  0.97695757632461655     
          27   9.0043630399151656E-002
          28  0.32773490651726817     
          29  0.88127691779578599     
          30  0.41850118503338618     
          31  0.97340743684183473     
          32  0.10353900643150277     
          33  0.37126544044666210     
          34  0.93368630996511470     
          35  0.24765854657691491     
          36  0.74527653115821146     
          37  0.75933870910965329     
          38  0.73095546148595880     
          39  0.78661863328175019     
          40  0.67138225124690076     
          41  0.88249043301778096     
          42  0.41479390449261666     
          43  0.97093541116141779     
          44  0.11287653207305405     
          45  0.40053166877880136     
          46  0.96040019373117114     
          47  0.15212284328303910     
          48  0.51591303718970871     
          49  0.99896212631207104     
          50   4.1470823448968392E-003
          51   1.6519123223280644E-002
          52   6.4983342540679737E-002
          53  0.24303595488090837     
          54  0.73585952111618214     
          55  0.77746170816675098     
          56  0.69204270050470473     
          57  0.85245709277132287     
          58  0.50308341362097286     
          59  0.99993697119251190     
          60   2.5209303694660842E-004
          61   1.0080927412407211E-003
          62   4.0282052534140883E-003
          63   1.6047514065520237E-002
          64   6.3158386432212887E-002
          65  0.23667170168150303     
          66  0.72261476339800823     
          67  0.80175062420228349     
          68  0.63577034851804981     
          69  0.92624249321190277     
          70  0.27326251618830599     
          71  0.79434059472762375     
          72  0.65343812082012542     
          73  0.90580432664244637     
          74  0.34128286162823496     
          75  0.89921299906131325     
          76  0.36250686262374959     
          77  0.92435943913402463     
          78  0.27966927376478240     
          79  0.80579733886953864     
          80  0.62593630136248013     
          81  0.93653677799175439     
          82  0.23773662227816489     
          83  0.72485356103166554     
          84  0.79774356027790716     
          85  0.64537895437491366     
          86  0.91543695200346453     
          87  0.30964081442639341     
          88  0.85503214553296614     
          89  0.49579630733547114     
          90  0.99990431763903176     
          91   3.8268325609557723E-004
          92   1.5301089848033631E-003
          93   6.1109182284168184E-003
          94   2.4293692269799005E-002
          95   9.4811664791918673E-002
          96  0.34328106980391293     
          97  0.90173416375508397     
          98  0.35442978572184630     
          99  0.91521436992877803     
         100  0.31038034831589101     
         101  0.85615614634201920     
         102  0.49259888241126654     
         103  0.99975589931140485     
         104   9.7614000968556552E-004
         105   3.9006511227521893E-003
         106   1.5541355630678688E-002
         107   6.1197757601168253E-002
         108  0.22980462300382104     
         109  0.70796013355374587     
         110  0.82698965615094744     
         111  0.57229675130466362     
         112  0.97906824168519135     
         113   8.1972429872655461E-002
         114  0.30100427715865086     
         115  0.84158176909316673     
         116  0.53327424790322775     
         117  0.99554640842345554     
         118   1.7734585018745298E-002
         119   6.9678536044881487E-002
         120  0.25928726829432858     
         121  0.76821031744109436     
         122  0.71223509615002767     
         123  0.81980456022235781     
         124  0.59088540053961114     
         125  0.96693520189062088     
         126  0.12788287178973695     
         127  0.44610421868589739     
         128  0.98835626950169386     
         129   4.6031465338151972E-002
         130  0.17564588689094424     
         131  0.57916315779602046     
         132  0.97490840447160465     
         133   9.7845583248202819E-002
         134  0.35307847316557861     
         135  0.91363341840407430     
         136  0.31562168997792206     
         137  0.86399695470973059     
         138  0.47001311722647315     
         139  0.99637823736742082     
         140   1.4434221007502947E-002
         141   5.6902074498210886E-002
         142  0.21465154724120214     
         143  0.67428818440658955     
         144  0.87847255274214087     
         145  0.42702343143070748     
         146  0.97867321431736132     
         147   8.3485728384952412E-002
         148  0.30605579457779136     
         149  0.84952134216807418     
         150  0.51132654199297511     
         151  0.99946185061498083     
         152   2.1513853350562718E-003
         153   8.5868128290978868E-003
         154   3.4051466590196248E-002
         155  0.13156456765659066     
         156  0.45700990324248075     
         157  0.99258259113795833     
         158   2.9448827392169138E-002
         159  0.11432351767018573     
         160  0.40500447854570404     
         161  0.96387930602941507     
         162  0.13926047615172932     
         163  0.47945599703529840     
         164  0.99828681797435115     
         165   6.8408171072800823E-003
         166   2.7175401912306444E-002
         167  0.10574495408289988     
         168  0.37824237877974420     
         169  0.94067680919097141     
         170  0.22321021897007257     
         171  0.69353232972790757     
         172  0.85015969487661880     
         173  0.50954001351684453     
         174  0.99961096166957952     
         175   1.5555090296938026E-003
         176   6.2122023764672385E-003
         177   2.4693826311312402E-002
         178   9.6333756609551194E-002
         179  0.34820555043177703     
         180  0.90781108447661274     
         181  0.33475210850009829     
         182  0.89075026810591129     
         183  0.38924718047783624     
         184  0.95091147849026725     
         185  0.18671068637902843     
         186  0.60738403890300496     
         187  0.95385082588869274     
         188  0.17607330941782201     
         189  0.58027148936399886     
         190  0.97420159633234205     
         191  0.10052887085883051     
         192  0.36168222564901809     
         193  0.92344968637503355     
         194  0.28275438339923198     
         195  0.81119708783680156     
         196  0.61261017445032384     
         197  0.94925206254620953     
         198  0.19268551993347674     
         199  0.62221568558473572     
         200  0.94022979845559240     
         201  0.22478527843453877     
         202  0.69701000244887912     
         203  0.84472711703447712     
         204  0.52463974280291348     
         205  0.99754659301011750     
         206   9.7893063973195811E-003
         207   3.8772934162728159E-002
         208  0.14907464799718970     
         209  0.50739290414708260     
         210  0.99975638533859124     
         211   9.7419689769071298E-004
         212   3.8928940275971611E-003
         213   1.5510569840807868E-002
         214   6.1078441256878745E-002
         215  0.22938572629550796     
         216  0.70705398267807440     
         217  0.82849388016376491     
         218  0.56835287360274667     
         219  0.98128700589252060     
         220   7.3449435554255441E-002
         221  0.27221165842246975     
         222  0.79243007451828940     
         223  0.65792215760375916     
         224  0.90021986249188002     
         225  0.35928726426175589     
         226  0.92077668401163615     
         227  0.29178063407046756     
         228  0.82655811813804847     
         229  0.57342484593299770     
         230  0.97841070711966216     
         231   8.4490668933528010E-002
         232  0.30940024798719223     
         233  0.85466557095717133     
         234  0.49683690987721690     
         235  0.99993498044401441     
         236   2.6005481223887502E-004
         237   1.0399227362156522E-003
         238   4.1552613035437235E-003
         239   1.6551566628661279E-002
         240   6.5108821321965979E-002
         241  0.24347256386585034     
         242  0.73675627867430793     
         243  0.77576646338672295     
         244  0.69579403539894957     
         245  0.84663761633920920     
         246  0.51935646751839093     
         247  0.99847634612812131     
         248   6.0851772697945363E-003
         249   2.4191986734770108E-002
         250   9.4424577376927998E-002
         251  0.34202575539880969     
         252  0.90015404775692875     
         253  0.35949796458117594     
         254  0.92101368625486557     
         255  0.29098262919675988     
         256  0.82522632363613313     
         257  0.57689693087265925     
         258  0.97632303940325948     
         259   9.2463136898350284E-002
         260  0.33564642948254753     
         261  0.89192931664227326     
         262  0.38555600388420713     
         263  0.94758659675501811     
         264  0.19865998699720272     
         265  0.63676086683423949     
         266  0.92516273156445938     
         267  0.27693968308942091     
         268  0.80095635566950607     
         269  0.63768514540132082     
         270  0.92414809866319492     
         271  0.28038655176254662     
         272  0.80705955641968619     
         273  0.62284214380250102     
         274  0.93961573984325208     
         275  0.22694633132815217     
         276  0.70174923192997651     
         277  0.83716805993791654     
         278  0.54525716566087024     
         279  0.99178236064648251     
         280   3.2599624016916351E-002
         281  0.12614440043463507     
         282  0.44091693949541866     
         283  0.98601211692645174     
         284   5.5167509580455930E-002
         285  0.20849100946303822     
         286  0.66007353149364245     
         287  0.89748342041416385     
         288  0.36801852129037871     
         289  0.93030029902155931     
         290  0.25936012648256040     
         291  0.76835059584891530     
         292  0.71193403203435768     
         293  0.82031535586603288     
         294  0.58957755137838719     
         295  0.96787925156998067     
         296  0.12435291490066393     
         297  0.43554618089874303     
         298  0.98335823624252927     
         299   6.5457625344499393E-002
         300  0.24468558122257131     
         301  0.73923970880261858     
         302  0.77103817049197987     
         303  0.70613558671442811     
         304  0.83001172874760498     
         305  0.56435492633017992     
         306  0.98340918798380261     
         307   6.5260596335665069E-002
         308  0.24400050344122362     
         309  0.73783858462083596     
         310  0.77371188738146324     
         311  0.70030970264403802     
         312  0.83948310450432551     
         313  0.53899141190224520     
         314  0.99389383122449804     
         315   2.4274927025200354E-002
         316   9.4740251206991880E-002
         317  0.34304956757931099     
         318  0.90144371039565852     
         319  0.35536290524032821     
         320  0.91629753526684488     
         321  0.30677777888678709     
         322  0.85063942655497982     
         323  0.50819526498152512     
         324  0.99970635724376722     
         325   1.1741967650049573E-003
         326   4.6911548260453401E-003
         327   1.8676124654984402E-002
         328   7.3307475358721258E-002
         329  0.27172716431206539     
         330  0.79154626079670820     
         331  0.65998661118404967     
         332  0.89759469653895063     
         333  0.36766463729067056     
         334  0.92992615837118320     
         335  0.26064747704295038     
         336  0.77082220797940471     
         337  0.70660366112747364     
         338  0.82923897734217522     
         339  0.56639262302513460     
         340  0.98234351922940866     
         341   6.9377183356610583E-002
         342  0.25824950274547664     
         343  0.76620763263905500     
         344  0.71651607194920730     
         345  0.81246285027168397     
         346  0.60945263210366085     
         347  0.95205668329019011     
         348  0.18257445589518173     
         349  0.59694917169664530     
         350  0.96237937234352677     
         351  0.14481764359322180     
         352  0.49536959023994376     
         353  0.99988923936588525     
         354   4.4298238995009529E-004
         355   1.7711003475935022E-003
         356   7.0716774082539100E-003
         357   2.8085972980671316E-002
         358  0.10918587469449102     
         359  0.38904755141481351     
         360  0.95073444765639092     
         361  0.18734914693778318     
         362  0.60898255137346446     
         363  0.95246740170417110     
         364  0.18108847425526553     
         365  0.59316692544478744     
         366  0.96525556402026136     
         367  0.13414568686673911     
         368  0.46459087118500331     
         369  0.99495989976689225     
         370   2.0058289021229622E-002
         371   7.8621850655675479E-002
         372  0.28975457697508300     
         373  0.82316686870208500     
         374  0.58223814357566006     
         375  0.97292322727614222     
         376  0.10537185004876304     
         377  0.37706506620192953     
         378  0.93952451950805094     
         379  0.22726710518519266     
         380  0.70244951066693229     
         381  0.83603588110331550     
         382  0.54830583845581249     
         383  0.99064141722972665     
         384   3.7083071695251289E-002
         385  0.14282809916383568     
         386  0.48970069018899948     
         387  0.99955070747724628     
         388   1.7963177268649690E-003
         389   7.1721845688595296E-003
         390   2.8482265275045233E-002
         391  0.11068133625680475     
         392  0.39371406914704532     
         393  0.95478933328079352     
         394  0.17266233266981187     
         395  0.57138592118216958     
         396  0.97959171062286665     
         397   7.9965165228219948E-002
         398  0.29427559323921587     
         399  0.83068910610484747     
         400  0.56256479594279729     
         401  0.98431797666991372     
         402   6.1742846287696204E-002
         403  0.23171687581323847     
         404  0.71207885868983511     
         405  0.82006972853149807     
         406  0.59020671997420471     
         407  0.96742680441121442     
         408  0.12604557885342937     
         409  0.44062134781064272     
         410  0.98587205523913490     
         411   5.5711990916202388E-002
         412  0.21042739912092304     
         413  0.66457422050962522     
         414  0.89163901224200259     
         415  0.38646587447202513     
         416  0.94841629836215813     
         417  0.19568640117038361     
         418  0.62955719494611240     
         419  0.93283641145745622     
         420  0.25060429840243498     
         421  0.75118835592023059     
         422  0.74759894895938117     
         423  0.75476017242079163     
         424  0.74037050846705921     
         425  0.76886885243528369     
         426  0.71082038980651552     
         427  0.82219849749099116     
         428  0.58473789404536958     
         429  0.97125367530209150     
         430  0.11167710205973222     
         431  0.39681138720839593     
         432  0.95738450554955856     
         433  0.16319357639133500     
         434  0.54623207592046041     
         435  0.99142559436482347     
         436   3.4002690724199612E-002
         437  0.13138274634008140     
         438  0.45647386908484650     
         439  0.99239709316263491     
         440   3.0179656069685236E-002
         441  0.11707245083236006     
         442  0.41345563170464994     
         443  0.97001603825820359     
         444  0.11633678662787356     
         445  0.41119987456602625     
         446  0.96843393943786982     
         447  0.12227552056643416     
         448  0.42928613812480310     
         449  0.97997369899980835     
         450   7.8499030548938642E-002
         451  0.28934049731398659     
         452  0.82246973345493313     
         453  0.58403848269491698     
         454  0.97172583995200190     
         455  0.10989618021312099     
         456  0.39126625724976610     
         457  0.95268407505278507     
         458  0.18030400506159844     
         459  0.59116310383430004     
         460  0.96673298506833660     
         461  0.12863806656473462     
         462  0.44835004854944649     
         463  0.98930439683237037     
         464   4.2323770841316832E-002
         465  0.16212582380542781     
         466  0.54335058013925064     
         467  0.99245809673364138     
         468   2.9939343343621881E-002
         469  0.11616901195719204     
         470  0.41068482309506543     
         471  0.96806699441784339     
         472  0.12365006361771261     
         473  0.43343206546765439     
         474  0.98225028349738008     
         475   6.9736912800379483E-002
         476  0.25948821580622761     
         477  0.76859711124754670     
         478  0.71140458175870913     
         479  0.82121188043541993     
         480  0.58727702917577929     
         481  0.96950664244098284     
         482  0.11825109446390999     
         483  0.41706066571067746     
         484  0.97245995520389317     
         485  0.10712368475586817     
         486  0.38258323886068213     
         487  0.94482959548378920     
         488  0.20850131126381569     
         489  0.66009755500889400     
         490  0.89745265464340851     
         491  0.36811634612889810     
         492  0.93040354669624536     
         493  0.25900467268647259     
         494  0.76766581672696188     
         495  0.71340220672249821     
         496  0.81781754671405593     
         497  0.59595312880193541     
         498  0.96314790899276947     
         499  0.14197250818106172     
         500  0.48725307877585017     
         501  0.99932508024562128     
         502   2.6977895043917158E-003
         503   1.0761776693583221E-002
         504   4.2582778827837078E-002
         505  0.16307386615196884     
         506  0.54590947324284134     
         507  0.99154449183423266     
         508   3.3535211788449204E-002
         509  0.12963916437487635     
         510  0.45132012245509701     
         511  0.99049631506190072     
         512   3.7652518306295416E-002
         513  0.14493560120534085     
         514  0.49570469790707816     
         515  0.99990120336468413     
         516   3.9513761947541725E-004
         517   1.5798864447997966E-003
         518   6.3094038754449751E-003
         519   2.5077754233196158E-002
         520   9.7792997017214695E-002
         521  0.35290928405374777     
         522  0.91343444869754753     
         523  0.31627991932495669     
         524  0.86496610313382660     
         525  0.46718729427887984     
         526  0.99566841304040232     
         527   1.7250865973605083E-002
         528   6.7811399059703514E-002
         529  0.25284573156775486     
         530  0.75564017890612734     
         531  0.73857393090547985     
         532  0.77231060972128007     
         533  0.70337014263971542     
         534  0.83454147627229891     
         535  0.55231419441413809     
         536  0.98902817392869269     
         537   4.3404695271362766E-002
         538  0.16607875872628161     
         539  0.55397256884441393     
         540  0.98832313855315879     
         541   4.6160895363134585E-002
         542  0.17611586540292304     
         543  0.58038175951847448     
         544  0.97413073706958286     
         545  0.10079765665899974     
         546  0.36254089253530947     
         547  0.92439686460066506     
         548  0.27954221653836736     
         549  0.80557332300816431     
         550  0.62648411456856579     
         551  0.93598367487034739     
         552  0.23966694916266421     
         553  0.72888858789663635     
         554  0.79042029632130195     
         555  0.66260764033344022     
         556  0.89421266534523169     
         557  0.37837603828818528     
         558  0.94080692698889823     
         559  0.22275144354910473     
         560  0.69251563845978437     
         561  0.85172962202079150     
         562  0.50513246334514528     
         563  0.99986963391426087     
         564   5.2138332678223749E-004
         565   2.0843938336865433E-003
         566   8.3199885392169267E-003
         567   3.3002240243063911E-002
         568  0.12764917821877381     
         569  0.44540832658883023     
         570  0.98805429480175322     
         571   4.7210841001720884E-002
         572  0.17992341177677507     
         573  0.59018915558775320     
         574  0.96743947826585075     
         575  0.12599818660078110     
         576  0.44047956203202598     
         577  0.98580462412465575     
         578   5.5974069329689867E-002
         579  0.21135860747217050     
         580  0.66672791746372984     
         581  0.88878498597267686     
         582  0.39537505410543361     
         583  0.95619057742416658     
         584  0.16755643926191496     
         585  0.55791116756724024     
         586  0.98656052205432898     
         587   5.3034107627037537E-002
         588  0.20088094207185980     
         589  0.64209510395780911     
         590  0.91921294482673455     
         591  0.29703460150809990     
         592  0.83519930755539529     
         593  0.55055193271511260     
         594  0.98975326394485708     
         595   4.0565947647391097E-002
         596  0.15567751412028699     
         597  0.52575495866788757     
         598  0.99732179474785121     
         599   1.0683862771857736E-002
         600   4.2277814420734576E-002
         601  0.16195755427407918     
         602  0.54289564682006275     
         603  0.99261503793920536     
         604   2.9320964542181444E-002
         605  0.11384213619743226     
         606  0.40351832868332782     
         607  0.96274107927105645     
         608  0.14347918715087588     
         609  0.49155935073059870     
         610  0.99969002888409986     
         611   1.2394691477264209E-003
         612   4.9516076625466254E-003
         613   1.9707864267486930E-002
         614   7.7275925467569617E-002
         615  0.28521029680711990     
         616  0.81544114707091753     
         617  0.60197248125006164     
         618  0.95838249210951643     
         619  0.15953797516078369     
         620  0.53632903000855914     
         621  0.99469593829439096     
         622   2.1103186947265030E-002
         623   8.2629304007490453E-002
         624  0.30319922833669999     
         625  0.84505669814529127     
         626  0.52373040667277082     
         627  0.99772252750979973     
         628   9.0889152084656852E-003
         629   3.6024326684513143E-002
         630  0.13890282562830533     
         631  0.47842336176004563     
         632  0.99811284128418032     
         633   7.5342010314691675E-003
         634   2.9908999641461674E-002
         635  0.11605490408249668     
         636  0.41033439466726457     
         637  0.96781612087333435     
         638  0.12458919339639818     
         639  0.43625599846830376     
         640  0.98372221540468152     
         641   6.4049672014115169E-002
         642  0.23978325138484483     
         643  0.72913074623625451     
         644  0.78997665460675559     
         645  0.66363756777831917     
         646  0.89286866337174275     
         647  0.38260728794066701     
         648  0.94485218272630256     
         649  0.20842093144102489     
         650  0.65991008894844405     
         651  0.89769261093365749     
         652  0.36735316477636126     
         653  0.92959602793890084     
         654  0.26178246639119862     
         655  0.77299030148469028     
         656  0.70188763355166206     
         657  0.83694460953729732     
         658  0.54585967358202259     
         659  0.99156277166676743     
         660   3.3463329440990744E-002
         661  0.12937090574135549     
         662  0.45052503454861831     
         663  0.99018415595155906     
         664   3.8877001066905080E-002
         665  0.14945858286181027     
         666  0.50847014741151153     
         667  0.99968803358564873     
         668   1.2474451783212259E-003
         669   4.9834316464873506E-003
         670   1.9833892362343002E-002
         671   7.7760092253500362E-002
         672  0.28684666987887930     
         673  0.81824217486732032     
         674  0.59487280035105805     
         675  0.96397250709901772     
         676  0.13891457767374218     
         677  0.47845730940209374     
         678  0.99811869633596328     
         679   7.5108696658055330E-003
         680   2.9817080565024991E-002
         681  0.11570919628418803     
         682  0.40927208066000315     
         683  0.96704960176447474     
         684  0.12745549149963303     
         685  0.44483123568596133     
         686  0.98780093413550374     
         687   4.8199789601254116E-002
         688  0.18350169187760743     
         689  0.59930030094055653     
         690  0.96053378698743630     
         691  0.15163073330893828     
         692  0.51454255221512513     
         693  0.99912907784886396     
         694   3.4805675666062454E-003
         695   1.3873466018760534E-002
         696   5.4722603738251385E-002
         697  0.20690698870939297     
         698  0.65636953728174308     
         699  0.90217171638439320     
         700  0.35302281637067073     
         701  0.91356799019881241     
         702  0.31583817377991175     
         703  0.86431607861095161     
         704  0.46908345208266911     
         705  0.99615176384279502     
         706   1.5333325600009856E-002
         707   6.0391349082743143E-002
         708  0.22697126173143373     
         709  0.70180368678709104     
         710  0.83708016046935074     
         711  0.54549422397528513     
         712  0.99169630931198771     
         713   3.2938134161939525E-002
         714  0.12740966859813038     
         715  0.44469466213888520     
         716  0.98774058428431122     
         717   4.8435278855750614E-002
         718  0.18435260154140337     
         719  0.60145184271329499     
         720  0.95880612368794627     
         721  0.15798381377167714     
         722  0.53208641093849685     
         723  0.99585695188612022     
         724   1.6503120476496796E-002
         725   6.4921446887391002E-002
         726  0.24282053982049256     
         727  0.73541651517458240     
         728  0.77829679962578413     
         729  0.69018631018305276     
         730  0.85529528675908062     
         731  0.49504866030121003     
         732  0.99987693939232503     
         733   4.9216955050087469E-004
         734   1.9676600858057744E-003
         735   7.8549572195300461E-003
         736   3.1172248140750935E-002
         737  0.12079913629250087     
         738  0.42481619918345032     
         739  0.97736514963950005     
         740   8.8487843387239917E-002
         741  0.32262291406516486     
         742  0.87412762380412579     
         743  0.44010308157460348     
         744  0.98562479541664927     
         745   5.6672815450342515E-002
         746  0.21383868365635178     
         747  0.67242999294377914     
         748  0.88104956334387974     
         749  0.41919444097872677     
         750  0.97385749947887501     
         751  0.10183373484349310     
         752  0.36584535480274383     
         753  0.92798692443487596     
         754  0.26730208733185179     
         755  0.78338714059140335     
         756  0.67874994501685804     
         757  0.87217202378016523     
         758  0.44594079006303294     
         759  0.98828569952378142     
         760   4.6307144854721705E-002
         761  0.17664675648118311     
         762  0.58175617535545221     
         763  0.97323937957221496     
         764  0.10417535403945800     
         765  0.37328206631588129     
         766  0.93574686687478070     
         767  0.24049265956844768     
         768  0.73060549545454334     
         769  0.78726473975411160     
         770  0.66989912927908069     
         771  0.88451503005225385     
         772  0.40858255183649084     
         773  0.96654723640007134     
         774  0.12933147146220303     
         775  0.45040810732230241     
         776  0.99013782265815675     
         777   3.9058682708205131E-002
         778  0.15012865474301820     
         779  0.51034740806810253     
         780  0.99954673529197413     
         781   1.8121917305953957E-003
         782   7.2354498761386561E-003
         783   2.8731674255100040E-002
         784  0.11162186998188048     
         785  0.39663979625170220     
         786  0.95724274145761334     
         787  0.16371220862976621     
         788  0.54762839444918288     
         789  0.99090137101516795     
         790   3.6062474157320140E-002
         791  0.13904441226267952     
         792  0.47883228361845404     
         793  0.99818275593998351     
         794   7.2555853420028845E-003
         795   2.8811046999208854E-002
         796  0.11192108418301593     
         797  0.39756908091774690     
         798  0.95800767647317797     
         799  0.16091185026973376     
         800  0.54006340492734695     
         801  0.99355485485015105     
         802   2.5613780654859936E-002
         803   9.9828363810209084E-002
         804  0.35944166009058354     
         805  0.92095038799232753     
         806  0.29119580331935069     
         807  0.82558258971345000     
         808  0.57596950950420556     
         809  0.97689011163939909     
         810   9.0301028100103806E-002
         811  0.32857879502142989     
         812  0.88243702045773187     
         813  0.41495732734111113     
         814  0.97104669853374959     
         815  0.11245721970103929     
         816  0.39923239269326205     
         817  0.95935957268176841     
         818  0.15595123306419392     
         819  0.52650862083520855     
         820  0.99716424235635848     
         821   1.1310581717299983E-002
         822   4.4729491568819196E-002
         823  0.17091078373484123     
         824  0.56678698092316038     
         825  0.98213344276675973     
         826   7.0187618729149873E-002
         827  0.26103874149343481     
         828  0.77157077798014084     
         829  0.70497962525778946     
         830  0.83191261458138188     
         831  0.55932208172537601     
         832  0.98589891439000921     
         833   5.5607589753942553E-002
         834  0.21005629132422754     
         835  0.66371398993277519     
         836  0.89276859822821475     
         837  0.38292173970054827     
         838  0.94514709459291879     
         839  0.20737107229551449     
         840  0.65745680585102495     
         841  0.90080689642934142     
         842  0.35740639171553923     
         843  0.91864528479938345     
         844  0.29893702844842091     
         845  0.83827376851524837     
         846  0.54226987305221519     
         847  0.99282821000281518     
         848   2.8480709666141850E-002
         849  0.11067546841633483     
         850  0.39369579378772807     
         851  0.95477379302474086     
         852  0.17271887063184285     
         853  0.57153396073177831     
         854  0.97950708155885136     
         855   8.0289827643778802E-002
         856  0.29536610054572227     
         857  0.83247905627982677     
         858  0.55781676277338954     
         859  0.98660422204742804     
         860   5.2864002709360841E-002
         861  0.20027259276762940     
         862  0.64063790906690721     
         863  0.92086089203529997     
         864  0.29149715061005077     
         865  0.82608559452890895     
         866  0.57465837334440784     
         867  0.97768006654553907     
         868   8.7284833924794941E-002
         869  0.31865680014689446     
         870  0.86843686400375975     
         871  0.45700568354457582     
         872  0.99258113986124807     
         873   2.9454546229908955E-002
         874  0.11434504504760280     
         875  0.40507089585708583     
         876  0.96392976189997626     
         877  0.13907322717612300     
         878  0.47891548544929996     
         879  0.99819681744032052     
         880   7.1995443762345717E-003
         881   2.8590128976943099E-002
         882  0.11108815673474921     
         883  0.39498043791428317     
         884  0.95585966922813914     
         885  0.16876362868864916     
         886  0.56111583703532364     
         887  0.98503479136844074     
         888   5.8963530523576425E-002
         889  0.22194178168382761     
         890  0.69071724054462058     
         891  0.85448637394276539     
         892  0.49734520881457073     
         893  0.99994680903983868     
         894   2.1274720471922045E-004
         895   8.5078650319008375E-004
         896   3.4001656557977418E-003
         897   1.3554079256790570E-002
         898   5.3480127732545610E-002
         899  0.20247495268065782     
         900  0.64589923698587104     
         901  0.91483077924649780     
         902  0.31165390681651461     
         903  0.85808154415515303     
         904  0.48709825318107119     
         905  0.99930919636158799     
         906   2.7612366823377824E-003
         907   1.1014173656062146E-002
         908   4.3570357252781529E-002
         909  0.16668375768846388     
         910  0.55558724041700824     
         911  0.98761554380541661     
         912   4.8923102649247416E-002
         913  0.18611387774240681     
         914  0.60588686146613957     
         915  0.95512801147814530     
         916  0.17142968682248014     
         917  0.56815199303877617     
         918  0.98139668784878598     
         919   7.3027089989981239E-002
         920  0.27076976705689393     
         921  0.78979425586936680     
         922  0.66406055513155327     
         923  0.89231422858628129     
         924  0.38434857524039928     
         925  0.94647532932950251     
         926  0.20263405522241906     
         927  0.64627782219665808     
         928  0.91438833465373826     
         929  0.31312140418079543     
         930  0.86028405405952701     
         931  0.48076958202168818     
         932  0.99849580107841518     
         933   6.0075950351257757E-003
         934   2.3885418197695126E-002
         935   9.3257288490365839E-002
         936  0.33823301049849869     
         937  0.89530338128637377     
         938  0.37493157345056483     
         939  0.93740811893292608     
         940  0.23469068255248762     
         941  0.71842590320553279     
         942  0.80914027022290791     
         943  0.61771373007669717     
         944  0.94455029665794676     
         945  0.20949489746195196     
         946  0.66241058091889282     
         947  0.89446885054203040     
         948  0.37756786437560191     
         949  0.94001798762857924     
         950  0.22553104383612560     
         951  0.69864970173004248     
         952  0.84213213018066035     
         953  0.53176912743162486     
         954  0.99593799109667835     
         955   1.6181631397065226E-002
         956   6.3677552830958717E-002
         957  0.23848492611346703     
         958  0.72642130353387169     
         959  0.79491369988475868     
         960  0.65208733589016787     
         961  0.90745508210309878     
         962  0.33591302623782132     
         963  0.89227955261977598     
         964  0.38445739871045392     
         965  0.94657596415825107     
         966  0.20227457595369019     
         967  0.64542215154859239     
         968  0.91538670611612893     
         969  0.30980779213953269     
         970  0.85528631358423624     
         971  0.49507416435535700     
         972  0.99987794699919341     
         973   4.8814021167594074E-004
         974   1.9515589330456617E-003
         975   7.7908066280709676E-003
         976   3.0919666829623875E-002
         977  0.11985156776697245     
         978  0.42193812916613793     
         979  0.97560098665323747     
         980   9.5212425607718698E-002
         981  0.34457946376849152     
         982  0.90335524322434957     
         983  0.34920946059892682     
         984  0.90902612668721072     
         985  0.33078224098626263     
         986  0.88543926360247138     
         987  0.40573615263693097     
         988  0.96443319688854001     
         989  0.13720379233099972     
         990  0.47350380891279642     
         991  0.99716687763629575     
         992   1.1300100615927995E-002
         993   4.4688516127157393E-002
         994  0.17076154146877537     
         995  0.56639398949218989     
         996  0.98234279345342801     
         997   6.9379983871214385E-002
         998  0.25825915019680673     
         999  0.76622629000956610     
        1000  0.71647633767471874     
